0.9414999789558351
0.9904999778605997
1.5654999650083483
2.4459999453276398
3.2824999266304076
3.4189999235793946
4.206499905977398
5.228999883122742
6.141999862715602
6.392499857116491
7.615999829769135
7.745499826874584
7.214999838732183
8.266499815229327
8.554999808780849
9.314999791793525
10.847999757528305
11.726999737881124
12.09599972963333
12.344499724078924
17.17349961614236
15.81099964659661
17.049499618913977
18.434499587956815
19.30899956841022
20.27199954688549
24.566999450884758
26.369499410595743
25.974999419413507
27.429499386902897
27.794999378733337
28.918499353621154
30.59749931609258
30.31749932235107
29.593999338522554
31.340499299485238
32.42249927530065
30.492499318439513
31.129999304190278
30.926499308738858
29.332499344367534
32.2079992800951
32.66049926998094
30.886499309632928
30.584499316383152
31.27799930088222
32.27949927849695
32.78999926708639
32.040999283827844
33.35749925440177
32.51549927322194
32.92649926403537
32.491999273747204
33.07749926066026
33.31649925531819
34.456499229837206
35.3804992091842
33.68649924704805
34.01099923979491
34.74149922346696
34.389499231334774
33.43299925271422
33.93249924154952
34.3444992323406
33.77149924514815
33.34399925470352
32.98049926282838
32.392499275971204
32.7859992671758
31.552999294735493
32.79399926699698
33.4264992528595
32.29149927822873
31.694999291561544
30.76349931238219
32.01299928445369
32.722999268583955
32.203499280195686
29.916499331314117
31.249499301519243
32.24749927921221
31.39649929823354
31.379499298613517
30.493999318405987
30.18099932540208
32.21349927997217
30.533999317511917
29.709499335940926
28.021499373670668
29.483999340981246
29.898999331705273
27.514499385003
26.958499397430568
27.90449937628582
29.37899934332818
30.317999322339894
29.50399934053421
29.41299934256822
28.107999371737243
28.535999362170696
29.35999934375286
28.615999360382556
29.878499332163482
28.51349936267361
28.683499358873814
28.23849936882034
28.638999359868468
28.532999362237753
28.354499366227536
29.26399934589863
27.370999388210475
28.3039993673563
30.5419993173331
29.789999334141612
29.594499338511376
30.72949931314215
30.28149932315573
30.199499324988572
27.076499394793064
29.035999350994825
29.502499340567738