0.4
0.41
0.45
0.62
0.86
1.07
1.27
1.47
1.62
1.81
2.09
2.41
2.68
3.1
3.45
3.79
4.19
4.59
4.94
5.27
5.73
6.15
6.57
6.98
7.31
7.64
7.91
8.22
8.53
8.87
9.21
9.57
9.95
10.28
10.58
10.87
11.17
11.45
11.71
11.97
12.22
12.44
12.74
13
13.29
13.56
13.81
14.09
14.32
14.56
14.75
15
15.22
15.47
15.73
15.96
16.21
16.46
16.7
16.95
17.21
17.45
17.7
17.93
18.14
18.36
18.56
18.75
18.95
19.15
19.35
19.53
19.68
19.82
19.96
20.1
20.25
20.41
20.57
20.72
20.84
20.97
21.11
21.25
21.39
21.52
21.66
21.79
21.92
22.04
22.18
22.28
22.39
22.49
22.59
22.69
22.76
22.84
22.92
22.99
23.3
23.61
23.91
24.21
24.5
24.8
25.09
25.35
25.64
25.9
26.16
26.39
26.65
26.85
27.06
27.29
27.47
27.67
27.86
28.05
28.21
28.34